dataset,scene,image,rotation_matrix,translation_vector
imc2023_haiper,clustercluster1,fountain_image_116.png,-0.904877030;-0.332588306;0.265673821;0.414172203;-0.543800618;0.729891960;-0.098279943;0.770497181;0.629821520,-0.386007028;-0.757245401;0.001618247
imc2023_haiper,clustercluster1,fountain_image_108.png,nan;nan;nan;nan;nan;nan;nan;nan;nan,nan;nan;nan
imc2023_haiper,clustercluster1,fountain_image_101.png,-0.424429027;0.859171113;-0.285805877;-0.806752358;-0.215513193;0.550186057;0.411109030;0.464089498;0.784608376,0.351741140;-0.678798907;-0.088142393
imc2023_haiper,clustercluster1,fountain_image_082.png,0.958820137;-0.200502699;0.201153209;0.020377353;0.754991023;0.655418431;-0.283282031;-0.624329419;0.727986310,-0.309231126;-0.839983378;0.445874461
imc2023_haiper,clustercluster1,fountain_image_071.png,0.332224305;-0.888808539;0.315668168;0.322766725;0.421604113;0.847391063;-0.886255410;-0.179636726;0.426944955,-0.368747138;-1.184375493;0.748708858
imc2023_haiper,clustercluster1,fountain_image_025.png,-0.100752373;0.929065867;0.355929170;-0.959538310;-0.185285482;0.212027173;0.262935717;-0.320165433;0.910142244,-1.023340232;0.177496782;-0.232156482
imc2023_haiper,clustercluster1,fountain_image_000.png,0.934212981;0.303698813;0.187117976;-0.347884533;0.659676277;0.666185830;0.078882556;-0.687454900;0.721930261,-0.471152397;-0.910430781;0.748996288
imc2023_haiper,clustercluster1,fountain_image_007.png,0.487632166;0.860347120;-0.148383636;-0.522249028;0.423651021;0.740118751;0.699621915;-0.283412500;0.655901312,-0.052552162;-1.114389532;0.511890073
imc2023_haiper,clustercluster1,fountain_image_012.png,0.395837014;0.897197248;0.195831962;-0.599132498;0.090699430;0.795495986;0.695954962;-0.432216048;0.573442219,-0.552751781;-1.195002273;0.110065882
imc2023_haiper,clustercluster1,fountain_image_033.png,-0.802399439;0.572961528;-0.166943786;-0.487460323;-0.467856252;0.737219750;0.344292861;0.672923186;0.654703606,0.165944157;-0.746311742;0.073782704
imc2023_haiper,clustercluster1,fountain_image_173.png,-0.672425761;-0.511019828;0.535445918;0.596776158;0.053614634;0.800614569;-0.437837656;0.857895219;0.268912589,-0.771967865;-0.828468392;0.344164301
imc2023_haiper,clustercluster1,fountain_image_056.png,-0.500607105;-0.853333200;-0.145653616;0.181981040;-0.268231413;0.946009942;-0.846330566;0.447073102;0.289569014,0.481492733;-1.211351196;0.745049159
imc2023_haiper,clustercluster1,fountain_image_186.png,0.125923882;-0.881496844;0.455089541;0.539184007;0.445883010;0.714471096;-0.832720711;0.155408028;0.531436320,-0.591949359;-0.781738323;0.189587158
imc2023_haiper,clustercluster1,fountain_image_199.png,0.686337833;-0.706426702;0.172921063;0.076002485;0.306128157;0.948951618;-0.723300768;-0.638158967;0.263797521,-0.202184114;-1.334486782;0.823581137
imc2023_haiper,clustercluster1,fountain_image_230.png,-0.394226744;-0.899439112;0.188665201;0.646827559;-0.125725534;0.752201568;-0.652839477;0.418571827;0.631346373,-0.163160517;-1.094236476;0.123540761
imc2023_haiper,clustercluster1,fountain_image_214.png,0.975961002;0.184062576;0.116709433;-0.176090491;0.350408405;0.919894607;0.128422205;-0.918332684;0.374396607,-0.353014081;-1.317691585;0.582433636
imc2023_haiper,clustercluster1,fountain_image_041.png,-0.938201706;-0.004874432;0.346054617;0.279231355;-0.601400505;0.748563480;0.204468600;0.798932834;0.565596074,-0.619308708;-0.775413188;0.236913920
imc2023_haiper,clustercluster1,fountain_image_166.png,nan;nan;nan;nan;nan;nan;nan;nan;nan,nan;nan;nan
imc2023_haiper,clustercluster1,fountain_image_163.png,nan;nan;nan;nan;nan;nan;nan;nan;nan,nan;nan;nan
imc2023_haiper,clustercluster1,fountain_image_155.png,0.207967429;0.842324603;-0.497231146;-0.678393705;0.490423273;0.547053009;0.704649934;0.223549272;0.673419775,0.583449575;-0.661828203;-0.203637779
imc2023_haiper,clustercluster1,fountain_image_143.png,0.499365015;0.751208308;-0.431648768;-0.778748568;0.607531624;0.156384122;0.379717329;0.258053101;0.888382433,0.570393061;-0.104025788;-0.102069688
imc2023_haiper,clustercluster1,fountain_image_136.png,1.000000000;0.000000000;0.000000000;0.000000000;1.000000000;0.000000000;0.000000000;0.000000000;1.000000000,0.000000000;0.000000000;0.000000000
imc2023_haiper,clustercluster1,fountain_image_129.png,0.630899748;-0.722647433;0.282393689;0.576605371;0.680242809;0.452543884;-0.519125952;-0.122680104;0.845847408,-0.331334420;-0.770318498;0.285804959
imc2023_haiper,clustercluster1,bike_image_119.png,nan;nan;nan;nan;nan;nan;nan;nan;nan,nan;nan;nan
imc2023_haiper,clustercluster1,bike_image_115.png,nan;nan;nan;nan;nan;nan;nan;nan;nan,nan;nan;nan
imc2023_haiper,clustercluster1,bike_image_038.png,nan;nan;nan;nan;nan;nan;nan;nan;nan,nan;nan;nan
imc2023_haiper,clustercluster1,bike_image_049.png,nan;nan;nan;nan;nan;nan;nan;nan;nan,nan;nan;nan
imc2023_haiper,clustercluster1,bike_image_139.png,nan;nan;nan;nan;nan;nan;nan;nan;nan,nan;nan;nan
imc2023_haiper,clustercluster1,bike_image_029.png,nan;nan;nan;nan;nan;nan;nan;nan;nan,nan;nan;nan
imc2023_haiper,clustercluster1,bike_image_150.png,nan;nan;nan;nan;nan;nan;nan;nan;nan,nan;nan;nan
imc2023_haiper,clustercluster1,bike_image_137.png,nan;nan;nan;nan;nan;nan;nan;nan;nan,nan;nan;nan
imc2023_haiper,clustercluster1,bike_image_004.png,nan;nan;nan;nan;nan;nan;nan;nan;nan,nan;nan;nan
imc2023_haiper,clustercluster1,bike_image_128.png,nan;nan;nan;nan;nan;nan;nan;nan;nan,nan;nan;nan
imc2023_haiper,clustercluster1,bike_image_062.png,nan;nan;nan;nan;nan;nan;nan;nan;nan,nan;nan;nan
imc2023_haiper,clustercluster1,bike_image_076.png,nan;nan;nan;nan;nan;nan;nan;nan;nan,nan;nan;nan
imc2023_haiper,clustercluster1,bike_image_088.png,nan;nan;nan;nan;nan;nan;nan;nan;nan,nan;nan;nan
imc2023_haiper,clustercluster1,bike_image_094.png,nan;nan;nan;nan;nan;nan;nan;nan;nan,nan;nan;nan
imc2023_haiper,clustercluster1,bike_image_101.png,nan;nan;nan;nan;nan;nan;nan;nan;nan,nan;nan;nan
imc2023_haiper,clustercluster1,chairs_image_122.png,nan;nan;nan;nan;nan;nan;nan;nan;nan,nan;nan;nan
imc2023_haiper,clustercluster1,chairs_image_115.png,nan;nan;nan;nan;nan;nan;nan;nan;nan,nan;nan;nan
imc2023_haiper,clustercluster1,chairs_image_103.png,nan;nan;nan;nan;nan;nan;nan;nan;nan,nan;nan;nan
imc2023_haiper,clustercluster1,chairs_image_094.png,nan;nan;nan;nan;nan;nan;nan;nan;nan,nan;nan;nan
imc2023_haiper,clustercluster1,chairs_image_051.png,nan;nan;nan;nan;nan;nan;nan;nan;nan,nan;nan;nan
imc2023_haiper,clustercluster1,chairs_image_131.png,nan;nan;nan;nan;nan;nan;nan;nan;nan,nan;nan;nan
imc2023_haiper,clustercluster1,chairs_image_004.png,nan;nan;nan;nan;nan;nan;nan;nan;nan,nan;nan;nan
imc2023_haiper,clustercluster1,chairs_image_160.png,nan;nan;nan;nan;nan;nan;nan;nan;nan,nan;nan;nan
imc2023_haiper,clustercluster1,chairs_image_035.png,nan;nan;nan;nan;nan;nan;nan;nan;nan,nan;nan;nan
imc2023_haiper,clustercluster1,chairs_image_045.png,nan;nan;nan;nan;nan;nan;nan;nan;nan,nan;nan;nan
imc2023_haiper,clustercluster1,chairs_image_155.png,nan;nan;nan;nan;nan;nan;nan;nan;nan,nan;nan;nan
imc2023_haiper,clustercluster1,chairs_image_152.png,nan;nan;nan;nan;nan;nan;nan;nan;nan,nan;nan;nan
imc2023_haiper,clustercluster1,chairs_image_020.png,nan;nan;nan;nan;nan;nan;nan;nan;nan,nan;nan;nan
imc2023_haiper,clustercluster1,chairs_image_144.png,nan;nan;nan;nan;nan;nan;nan;nan;nan,nan;nan;nan
imc2023_haiper,clustercluster1,chairs_image_141.png,nan;nan;nan;nan;nan;nan;nan;nan;nan,nan;nan;nan
imc2023_haiper,clustercluster1,chairs_image_073.png,nan;nan;nan;nan;nan;nan;nan;nan;nan,nan;nan;nan
imc2023_heritage,outliers,outliers_dsc_4115_thumb.png,nan;nan;nan;nan;nan;nan;nan;nan;nan,nan;nan;nan
imc2023_heritage,outliers,outliers_dsc_4120_thumb.png,nan;nan;nan;nan;nan;nan;nan;nan;nan,nan;nan;nan
imc2023_heritage,outliers,outliers_dsc_4122_thumb.png,nan;nan;nan;nan;nan;nan;nan;nan;nan,nan;nan;nan
imc2023_heritage,outliers,outliers_dsc_4125_thumb.png,nan;nan;nan;nan;nan;nan;nan;nan;nan,nan;nan;nan
imc2023_heritage,outliers,outliers_dsc_4127_thumb.png,nan;nan;nan;nan;nan;nan;nan;nan;nan,nan;nan;nan
imc2023_heritage,outliers,outliers_dsc_4128_thumb.png,nan;nan;nan;nan;nan;nan;nan;nan;nan,nan;nan;nan
imc2023_heritage,outliers,outliers_dsc_4129_thumb.png,nan;nan;nan;nan;nan;nan;nan;nan;nan,nan;nan;nan
imc2023_heritage,outliers,outliers_dsc_4165_thumb.png,nan;nan;nan;nan;nan;nan;nan;nan;nan,nan;nan;nan
imc2023_heritage,outliers,outliers_dsc_4167_thumb.png,nan;nan;nan;nan;nan;nan;nan;nan;nan,nan;nan;nan
imc2023_heritage,outliers,outliers_dsc_4176_thumb.png,nan;nan;nan;nan;nan;nan;nan;nan;nan,nan;nan;nan
imc2023_heritage,outliers,outliers_dsc_4177_thumb.png,nan;nan;nan;nan;nan;nan;nan;nan;nan,nan;nan;nan
imc2023_heritage,outliers,outliers_dsc_4178_thumb.png,nan;nan;nan;nan;nan;nan;nan;nan;nan,nan;nan;nan
imc2023_heritage,outliers,outliers_dsc_4473_thumb.png,nan;nan;nan;nan;nan;nan;nan;nan;nan,nan;nan;nan
imc2023_heritage,outliers,outliers_dsc_4474_thumb.png,nan;nan;nan;nan;nan;nan;nan;nan;nan,nan;nan;nan
imc2023_heritage,outliers,outliers_img_3222.png,nan;nan;nan;nan;nan;nan;nan;nan;nan,nan;nan;nan
imc2023_heritage,outliers,outliers_img_3225.png,nan;nan;nan;nan;nan;nan;nan;nan;nan,nan;nan;nan
imc2023_heritage,outliers,outliers_img_3229.png,nan;nan;nan;nan;nan;nan;nan;nan;nan,nan;nan;nan
imc2023_heritage,outliers,outliers_img_3233.png,nan;nan;nan;nan;nan;nan;nan;nan;nan,nan;nan;nan
imc2023_heritage,outliers,outliers_img_3237.png,nan;nan;nan;nan;nan;nan;nan;nan;nan,nan;nan;nan
imc2023_heritage,outliers,outliers_img_3240.png,nan;nan;nan;nan;nan;nan;nan;nan;nan,nan;nan;nan
imc2023_heritage,outliers,outliers_img_3249.png,nan;nan;nan;nan;nan;nan;nan;nan;nan,nan;nan;nan
imc2023_heritage,outliers,outliers_img_3250.png,nan;nan;nan;nan;nan;nan;nan;nan;nan,nan;nan;nan
imc2023_heritage,outliers,outliers_img_3251.png,nan;nan;nan;nan;nan;nan;nan;nan;nan,nan;nan;nan
imc2023_heritage,outliers,outliers_img_3253.png,nan;nan;nan;nan;nan;nan;nan;nan;nan,nan;nan;nan
imc2023_heritage,outliers,outliers_img_3254.png,nan;nan;nan;nan;nan;nan;nan;nan;nan,nan;nan;nan
imc2023_heritage,outliers,outliers_img_3255.png,nan;nan;nan;nan;nan;nan;nan;nan;nan,nan;nan;nan
imc2023_heritage,outliers,outliers_img_3261.png,nan;nan;nan;nan;nan;nan;nan;nan;nan,nan;nan;nan
imc2023_heritage,outliers,outliers_img_3262.png,nan;nan;nan;nan;nan;nan;nan;nan;nan,nan;nan;nan
imc2023_heritage,outliers,outliers_img_8367.png,nan;nan;nan;nan;nan;nan;nan;nan;nan,nan;nan;nan
imc2023_heritage,outliers,outliers_img_8368.png,nan;nan;nan;nan;nan;nan;nan;nan;nan,nan;nan;nan
imc2023_heritage,outliers,outliers_img_8372.png,nan;nan;nan;nan;nan;nan;nan;nan;nan,nan;nan;nan
imc2023_heritage,outliers,outliers_img_8375.png,nan;nan;nan;nan;nan;nan;nan;nan;nan,nan;nan;nan
imc2023_heritage,outliers,outliers_img_8599.png,nan;nan;nan;nan;nan;nan;nan;nan;nan,nan;nan;nan
imc2023_heritage,outliers,outliers_img_8600.png,nan;nan;nan;nan;nan;nan;nan;nan;nan,nan;nan;nan
imc2023_heritage,outliers,outliers_img_8630_thumb.png,nan;nan;nan;nan;nan;nan;nan;nan;nan,nan;nan;nan
imc2023_heritage,outliers,outliers_img_8632.png,nan;nan;nan;nan;nan;nan;nan;nan;nan,nan;nan;nan
imc2023_heritage,outliers,outliers_img_8634.png,nan;nan;nan;nan;nan;nan;nan;nan;nan,nan;nan;nan
imc2023_heritage,outliers,outliers_img_8641.png,nan;nan;nan;nan;nan;nan;nan;nan;nan,nan;nan;nan
imc2023_heritage,outliers,outliers_img_8648.png,nan;nan;nan;nan;nan;nan;nan;nan;nan,nan;nan;nan
imc2023_heritage,outliers,outliers_img_8656_thumb.png,nan;nan;nan;nan;nan;nan;nan;nan;nan,nan;nan;nan
imc2023_heritage,outliers,outliers_img_8662.png,nan;nan;nan;nan;nan;nan;nan;nan;nan,nan;nan;nan
imc2023_heritage,outliers,outliers_img_8665_thumb.png,nan;nan;nan;nan;nan;nan;nan;nan;nan,nan;nan;nan
imc2023_heritage,outliers,outliers_img_8838_thumb.png,nan;nan;nan;nan;nan;nan;nan;nan;nan,nan;nan;nan
imc2023_heritage,outliers,outliers_img_8849_thumb.png,nan;nan;nan;nan;nan;nan;nan;nan;nan,nan;nan;nan
imc2023_heritage,outliers,outliers_img_8871.png,nan;nan;nan;nan;nan;nan;nan;nan;nan,nan;nan;nan
imc2023_heritage,outliers,outliers_img_8890.png,nan;nan;nan;nan;nan;nan;nan;nan;nan,nan;nan;nan
imc2023_heritage,outliers,outliers_img_8894.png,nan;nan;nan;nan;nan;nan;nan;nan;nan,nan;nan;nan
imc2023_heritage,outliers,outliers_img_8904.png,nan;nan;nan;nan;nan;nan;nan;nan;nan,nan;nan;nan
imc2023_heritage,outliers,outliers_img_8916.png,nan;nan;nan;nan;nan;nan;nan;nan;nan,nan;nan;nan
imc2023_heritage,outliers,outliers_img_8948_thumb.png,nan;nan;nan;nan;nan;nan;nan;nan;nan,nan;nan;nan
imc2023_heritage,outliers,outliers_img_8978_thumb.png,nan;nan;nan;nan;nan;nan;nan;nan;nan,nan;nan;nan
imc2023_heritage,outliers,outliers_img_9065.png,nan;nan;nan;nan;nan;nan;nan;nan;nan,nan;nan;nan
imc2023_heritage,outliers,outliers_img_9068.png,nan;nan;nan;nan;nan;nan;nan;nan;nan,nan;nan;nan
imc2023_heritage,outliers,outliers_img_9070.png,nan;nan;nan;nan;nan;nan;nan;nan;nan,nan;nan;nan
imc2023_heritage,outliers,outliers_img_9072.png,nan;nan;nan;nan;nan;nan;nan;nan;nan,nan;nan;nan
imc2023_heritage,outliers,outliers_img_9075.png,nan;nan;nan;nan;nan;nan;nan;nan;nan,nan;nan;nan
imc2023_heritage,outliers,outliers_img_9076.png,nan;nan;nan;nan;nan;nan;nan;nan;nan,nan;nan;nan
imc2023_heritage,outliers,outliers_img_9078.png,nan;nan;nan;nan;nan;nan;nan;nan;nan,nan;nan;nan
imc2023_heritage,outliers,outliers_img_9078_thumb.png,nan;nan;nan;nan;nan;nan;nan;nan;nan,nan;nan;nan
imc2023_heritage,outliers,outliers_img_9084.png,nan;nan;nan;nan;nan;nan;nan;nan;nan,nan;nan;nan
imc2023_heritage,outliers,outliers_img_9085.png,nan;nan;nan;nan;nan;nan;nan;nan;nan,nan;nan;nan
imc2023_heritage,outliers,dioscuri_archive_0069.png,nan;nan;nan;nan;nan;nan;nan;nan;nan,nan;nan;nan
imc2023_heritage,outliers,dioscuri_img_0055.png,nan;nan;nan;nan;nan;nan;nan;nan;nan,nan;nan;nan
imc2023_heritage,outliers,dioscuri_3dom_fbk_img_1541.png,nan;nan;nan;nan;nan;nan;nan;nan;nan,nan;nan;nan
imc2023_heritage,outliers,dioscuri_img_0258.png,nan;nan;nan;nan;nan;nan;nan;nan;nan,nan;nan;nan
imc2023_heritage,outliers,dioscuri_archive_0171.png,nan;nan;nan;nan;nan;nan;nan;nan;nan,nan;nan;nan
imc2023_heritage,outliers,dioscuri_img_0163.png,nan;nan;nan;nan;nan;nan;nan;nan;nan,nan;nan;nan
imc2023_heritage,outliers,dioscuri_3dom_fbk_img_1563.png,nan;nan;nan;nan;nan;nan;nan;nan;nan,nan;nan;nan
imc2023_heritage,outliers,dioscuri_img_0161.png,nan;nan;nan;nan;nan;nan;nan;nan;nan,nan;nan;nan
imc2023_heritage,outliers,dioscuri_img_0188.png,nan;nan;nan;nan;nan;nan;nan;nan;nan,nan;nan;nan
imc2023_heritage,outliers,dioscuri_img_0314.png,nan;nan;nan;nan;nan;nan;nan;nan;nan,nan;nan;nan
imc2023_heritage,outliers,dioscuri_img_0460.png,nan;nan;nan;nan;nan;nan;nan;nan;nan,nan;nan;nan
imc2023_heritage,outliers,dioscuri_img_0364.png,nan;nan;nan;nan;nan;nan;nan;nan;nan,nan;nan;nan
imc2023_heritage,outliers,dioscuri_3dom_fbk_img_1516.png,nan;nan;nan;nan;nan;nan;nan;nan;nan,nan;nan;nan
imc2023_heritage,outliers,dioscuri_3dom_fbk_img_1561.png,nan;nan;nan;nan;nan;nan;nan;nan;nan,nan;nan;nan
imc2023_heritage,outliers,dioscuri_img_0187.png,nan;nan;nan;nan;nan;nan;nan;nan;nan,nan;nan;nan
imc2023_heritage,outliers,dioscuri_img_0348.png,nan;nan;nan;nan;nan;nan;nan;nan;nan,nan;nan;nan
imc2023_heritage,outliers,dioscuri_archive_0036.png,nan;nan;nan;nan;nan;nan;nan;nan;nan,nan;nan;nan
imc2023_heritage,outliers,dioscuri_img_0238.png,nan;nan;nan;nan;nan;nan;nan;nan;nan,nan;nan;nan
imc2023_heritage,outliers,dioscuri_img_0369.png,nan;nan;nan;nan;nan;nan;nan;nan;nan,nan;nan;nan
imc2023_heritage,outliers,dioscuri_img_0276.png,nan;nan;nan;nan;nan;nan;nan;nan;nan,nan;nan;nan
imc2023_heritage,outliers,dioscuri_3dom_fbk_img_1566.png,nan;nan;nan;nan;nan;nan;nan;nan;nan,nan;nan;nan
imc2023_heritage,outliers,dioscuri_archive_0070.png,nan;nan;nan;nan;nan;nan;nan;nan;nan,nan;nan;nan
imc2023_heritage,outliers,dioscuri_img_0068.png,nan;nan;nan;nan;nan;nan;nan;nan;nan,nan;nan;nan
imc2023_heritage,outliers,dioscuri_archive_0022.png,nan;nan;nan;nan;nan;nan;nan;nan;nan,nan;nan;nan
imc2023_heritage,outliers,dioscuri_archive_0230.png,nan;nan;nan;nan;nan;nan;nan;nan;nan,nan;nan;nan
imc2023_heritage,outliers,dioscuri_img_0354.png,nan;nan;nan;nan;nan;nan;nan;nan;nan,nan;nan;nan
imc2023_heritage,outliers,dioscuri_img_0246.png,nan;nan;nan;nan;nan;nan;nan;nan;nan,nan;nan;nan
imc2023_heritage,outliers,dioscuri_archive_0004.png,nan;nan;nan;nan;nan;nan;nan;nan;nan,nan;nan;nan
imc2023_heritage,outliers,dioscuri_archive_0034.png,nan;nan;nan;nan;nan;nan;nan;nan;nan,nan;nan;nan
imc2023_heritage,outliers,dioscuri_img_0115.png,nan;nan;nan;nan;nan;nan;nan;nan;nan,nan;nan;nan
imc2023_heritage,outliers,dioscuri_archive_0068.png,nan;nan;nan;nan;nan;nan;nan;nan;nan,nan;nan;nan
imc2023_heritage,outliers,dioscuri_3dom_fbk_img_1548.png,nan;nan;nan;nan;nan;nan;nan;nan;nan,nan;nan;nan
imc2023_heritage,outliers,dioscuri_archive_0092.png,nan;nan;nan;nan;nan;nan;nan;nan;nan,nan;nan;nan
imc2023_heritage,outliers,dioscuri_img_0418.png,nan;nan;nan;nan;nan;nan;nan;nan;nan,nan;nan;nan
imc2023_heritage,outliers,dioscuri_img_0079.png,nan;nan;nan;nan;nan;nan;nan;nan;nan,nan;nan;nan
imc2023_heritage,outliers,dioscuri_img_0095.png,nan;nan;nan;nan;nan;nan;nan;nan;nan,nan;nan;nan
imc2023_heritage,outliers,dioscuri_archive_0003.png,nan;nan;nan;nan;nan;nan;nan;nan;nan,nan;nan;nan
imc2023_heritage,outliers,dioscuri_3dom_fbk_img_1580.png,nan;nan;nan;nan;nan;nan;nan;nan;nan,nan;nan;nan
imc2023_heritage,outliers,dioscuri_img_0181.png,nan;nan;nan;nan;nan;nan;nan;nan;nan,nan;nan;nan
imc2023_heritage,outliers,dioscuri_archive_0095.png,nan;nan;nan;nan;nan;nan;nan;nan;nan,nan;nan;nan
imc2023_heritage,outliers,dioscuri_archive_0033.png,nan;nan;nan;nan;nan;nan;nan;nan;nan,nan;nan;nan
imc2023_heritage,outliers,dioscuri_archive_0010.png,nan;nan;nan;nan;nan;nan;nan;nan;nan,nan;nan;nan
imc2023_heritage,outliers,dioscuri_img_0424.png,nan;nan;nan;nan;nan;nan;nan;nan;nan,nan;nan;nan
imc2023_heritage,outliers,dioscuri_img_0092.png,nan;nan;nan;nan;nan;nan;nan;nan;nan,nan;nan;nan
imc2023_heritage,outliers,dioscuri_archive_0160.png,nan;nan;nan;nan;nan;nan;nan;nan;nan,nan;nan;nan
imc2023_heritage,outliers,dioscuri_img_0339.png,nan;nan;nan;nan;nan;nan;nan;nan;nan,nan;nan;nan
imc2023_heritage,outliers,dioscuri_img_0132.png,nan;nan;nan;nan;nan;nan;nan;nan;nan,nan;nan;nan
imc2023_heritage,outliers,dioscuri_archive_0028.png,nan;nan;nan;nan;nan;nan;nan;nan;nan,nan;nan;nan
imc2023_heritage,outliers,dioscuri_img_0200.png,nan;nan;nan;nan;nan;nan;nan;nan;nan,nan;nan;nan
imc2023_heritage,outliers,dioscuri_3dom_fbk_img_1520.png,nan;nan;nan;nan;nan;nan;nan;nan;nan,nan;nan;nan
imc2023_heritage,outliers,dioscuri_img_0370.png,nan;nan;nan;nan;nan;nan;nan;nan;nan,nan;nan;nan
imc2023_heritage,outliers,dioscuri_img_0112.png,nan;nan;nan;nan;nan;nan;nan;nan;nan,nan;nan;nan
imc2023_heritage,outliers,dioscuri_img_0444.png,nan;nan;nan;nan;nan;nan;nan;nan;nan,nan;nan;nan
imc2023_heritage,outliers,dioscuri_img_0105.png,nan;nan;nan;nan;nan;nan;nan;nan;nan,nan;nan;nan
imc2023_heritage,outliers,dioscuri_img_0283.png,nan;nan;nan;nan;nan;nan;nan;nan;nan,nan;nan;nan
imc2023_heritage,outliers,dioscuri_archive_0026.png,nan;nan;nan;nan;nan;nan;nan;nan;nan,nan;nan;nan
imc2023_heritage,outliers,dioscuri_archive_0015.png,nan;nan;nan;nan;nan;nan;nan;nan;nan,nan;nan;nan
imc2023_heritage,outliers,dioscuri_img_0359.png,nan;nan;nan;nan;nan;nan;nan;nan;nan,nan;nan;nan
imc2023_heritage,outliers,dioscuri_archive_0116.png,nan;nan;nan;nan;nan;nan;nan;nan;nan,nan;nan;nan
imc2023_heritage,outliers,dioscuri_img_0277.png,nan;nan;nan;nan;nan;nan;nan;nan;nan,nan;nan;nan
imc2023_heritage,outliers,dioscuri_img_0376.png,nan;nan;nan;nan;nan;nan;nan;nan;nan,nan;nan;nan
imc2023_heritage,outliers,dioscuri_img_0412.png,nan;nan;nan;nan;nan;nan;nan;nan;nan,nan;nan;nan
imc2023_heritage,outliers,dioscuri_img_0230.png,nan;nan;nan;nan;nan;nan;nan;nan;nan,nan;nan;nan
imc2023_heritage,outliers,dioscuri_img_0266.png,nan;nan;nan;nan;nan;nan;nan;nan;nan,nan;nan;nan
imc2023_heritage,outliers,dioscuri_img_0237.png,nan;nan;nan;nan;nan;nan;nan;nan;nan,nan;nan;nan
imc2023_heritage,outliers,dioscuri_3dom_fbk_img_1524.png,nan;nan;nan;nan;nan;nan;nan;nan;nan,nan;nan;nan
imc2023_heritage,outliers,dioscuri_img_0081.png,nan;nan;nan;nan;nan;nan;nan;nan;nan,nan;nan;nan
imc2023_heritage,outliers,dioscuri_img_0209.png,nan;nan;nan;nan;nan;nan;nan;nan;nan,nan;nan;nan
imc2023_heritage,outliers,dioscuri_img_0401.png,nan;nan;nan;nan;nan;nan;nan;nan;nan,nan;nan;nan
imc2023_heritage,outliers,dioscuri_img_0213.png,nan;nan;nan;nan;nan;nan;nan;nan;nan,nan;nan;nan
imc2023_heritage,outliers,dioscuri_img_0338.png,nan;nan;nan;nan;nan;nan;nan;nan;nan,nan;nan;nan
imc2023_heritage,outliers,dioscuri_img_0216.png,nan;nan;nan;nan;nan;nan;nan;nan;nan,nan;nan;nan
imc2023_heritage,outliers,dioscuri_archive_0071.png,nan;nan;nan;nan;nan;nan;nan;nan;nan,nan;nan;nan
imc2023_heritage,outliers,dioscuri_archive_0072.png,nan;nan;nan;nan;nan;nan;nan;nan;nan,nan;nan;nan
imc2023_heritage,outliers,dioscuri_img_0227.png,nan;nan;nan;nan;nan;nan;nan;nan;nan,nan;nan;nan
imc2023_heritage,outliers,cyprus_dsc_6585.png,nan;nan;nan;nan;nan;nan;nan;nan;nan,nan;nan;nan
imc2023_heritage,outliers,cyprus_dsc_6577.png,nan;nan;nan;nan;nan;nan;nan;nan;nan,nan;nan;nan
imc2023_heritage,outliers,cyprus_dsc_6573.png,nan;nan;nan;nan;nan;nan;nan;nan;nan,nan;nan;nan
imc2023_heritage,outliers,cyprus_dsc_6569.png,nan;nan;nan;nan;nan;nan;nan;nan;nan,nan;nan;nan
imc2023_heritage,outliers,cyprus_dsc_6565.png,nan;nan;nan;nan;nan;nan;nan;nan;nan,nan;nan;nan
imc2023_heritage,outliers,cyprus_dsc_6557.png,nan;nan;nan;nan;nan;nan;nan;nan;nan,nan;nan;nan
imc2023_heritage,outliers,cyprus_dsc_6548.png,nan;nan;nan;nan;nan;nan;nan;nan;nan,nan;nan;nan
imc2023_heritage,outliers,cyprus_dsc_6540.png,nan;nan;nan;nan;nan;nan;nan;nan;nan,nan;nan;nan
imc2023_heritage,outliers,cyprus_dsc_6589.png,nan;nan;nan;nan;nan;nan;nan;nan;nan,nan;nan;nan
imc2023_heritage,outliers,cyprus_dsc_6593.png,nan;nan;nan;nan;nan;nan;nan;nan;nan,nan;nan;nan
imc2023_heritage,outliers,cyprus_dsc_6597.png,nan;nan;nan;nan;nan;nan;nan;nan;nan,nan;nan;nan
imc2023_heritage,outliers,cyprus_dsc_6601.png,nan;nan;nan;nan;nan;nan;nan;nan;nan,nan;nan;nan
imc2023_heritage,outliers,cyprus_dsc_6605.png,nan;nan;nan;nan;nan;nan;nan;nan;nan,nan;nan;nan
imc2023_heritage,outliers,cyprus_dsc_6480.png,nan;nan;nan;nan;nan;nan;nan;nan;nan,nan;nan;nan
imc2023_heritage,outliers,cyprus_dsc_6625.png,nan;nan;nan;nan;nan;nan;nan;nan;nan,nan;nan;nan
imc2023_heritage,outliers,cyprus_dsc_6500.png,nan;nan;nan;nan;nan;nan;nan;nan;nan,nan;nan;nan
imc2023_heritage,outliers,cyprus_dsc_6629.png,nan;nan;nan;nan;nan;nan;nan;nan;nan,nan;nan;nan
imc2023_heritage,outliers,cyprus_dsc_6512.png,nan;nan;nan;nan;nan;nan;nan;nan;nan,nan;nan;nan
imc2023_heritage,outliers,cyprus_dsc_6633.png,nan;nan;nan;nan;nan;nan;nan;nan;nan,nan;nan;nan
imc2023_heritage,outliers,cyprus_dsc_6508.png,nan;nan;nan;nan;nan;nan;nan;nan;nan,nan;nan;nan
imc2023_heritage,outliers,cyprus_dsc_6496.png,nan;nan;nan;nan;nan;nan;nan;nan;nan,nan;nan;nan
imc2023_heritage,outliers,cyprus_dsc_6621.png,nan;nan;nan;nan;nan;nan;nan;nan;nan,nan;nan;nan
imc2023_heritage,outliers,cyprus_dsc_6492.png,nan;nan;nan;nan;nan;nan;nan;nan;nan,nan;nan;nan
imc2023_heritage,outliers,cyprus_dsc_6617.png,nan;nan;nan;nan;nan;nan;nan;nan;nan,nan;nan;nan
imc2023_heritage,outliers,cyprus_dsc_6488.png,nan;nan;nan;nan;nan;nan;nan;nan;nan,nan;nan;nan
imc2023_heritage,outliers,cyprus_dsc_6613.png,nan;nan;nan;nan;nan;nan;nan;nan;nan,nan;nan;nan
imc2023_heritage,outliers,cyprus_dsc_6609.png,nan;nan;nan;nan;nan;nan;nan;nan;nan,nan;nan;nan
imc2023_heritage,outliers,cyprus_dsc_6520.png,nan;nan;nan;nan;nan;nan;nan;nan;nan,nan;nan;nan
imc2023_heritage,outliers,cyprus_dsc_6524.png,nan;nan;nan;nan;nan;nan;nan;nan;nan,nan;nan;nan
imc2023_heritage,outliers,cyprus_dsc_6528.png,nan;nan;nan;nan;nan;nan;nan;nan;nan,nan;nan;nan
imc2023_heritage,outliers,wall_dsc_5063_acr.png,nan;nan;nan;nan;nan;nan;nan;nan;nan,nan;nan;nan
imc2023_heritage,outliers,wall_dsc_5060_acr.png,nan;nan;nan;nan;nan;nan;nan;nan;nan,nan;nan;nan
imc2023_heritage,outliers,wall_dsc_5057_acr.png,nan;nan;nan;nan;nan;nan;nan;nan;nan,nan;nan;nan
imc2023_heritage,outliers,wall_dsc_5054_acr.png,nan;nan;nan;nan;nan;nan;nan;nan;nan,nan;nan;nan
imc2023_heritage,outliers,wall_dsc_5051_acr.png,nan;nan;nan;nan;nan;nan;nan;nan;nan,nan;nan;nan
imc2023_heritage,outliers,wall_dsc_5048_acr.png,nan;nan;nan;nan;nan;nan;nan;nan;nan,nan;nan;nan
imc2023_heritage,outliers,wall_dsc_5045_acr.png,nan;nan;nan;nan;nan;nan;nan;nan;nan,nan;nan;nan
imc2023_heritage,outliers,wall_dsc_5042_acr.png,nan;nan;nan;nan;nan;nan;nan;nan;nan,nan;nan;nan
imc2023_heritage,outliers,wall_dsc_5039_acr.png,nan;nan;nan;nan;nan;nan;nan;nan;nan,nan;nan;nan
imc2023_heritage,outliers,wall_dsc_5033_acr.png,nan;nan;nan;nan;nan;nan;nan;nan;nan,nan;nan;nan
imc2023_heritage,outliers,wall_dsc_4970_acr.png,nan;nan;nan;nan;nan;nan;nan;nan;nan,nan;nan;nan
imc2023_heritage,outliers,wall_dsc_4973_acr.png,nan;nan;nan;nan;nan;nan;nan;nan;nan,nan;nan;nan
imc2023_heritage,outliers,wall_dsc_4976_acr.png,nan;nan;nan;nan;nan;nan;nan;nan;nan,nan;nan;nan
imc2023_heritage,outliers,wall_dsc_4979_acr.png,nan;nan;nan;nan;nan;nan;nan;nan;nan,nan;nan;nan
imc2023_heritage,outliers,wall_dsc_4982_acr.png,nan;nan;nan;nan;nan;nan;nan;nan;nan,nan;nan;nan
imc2023_heritage,outliers,wall_dsc_4985_acr.png,nan;nan;nan;nan;nan;nan;nan;nan;nan,nan;nan;nan
imc2023_heritage,outliers,wall_dsc_4991_acr.png,nan;nan;nan;nan;nan;nan;nan;nan;nan,nan;nan;nan
imc2023_heritage,outliers,wall_dsc_4943_acr.png,nan;nan;nan;nan;nan;nan;nan;nan;nan,nan;nan;nan
imc2023_heritage,outliers,wall_dsc_4946_acr.png,nan;nan;nan;nan;nan;nan;nan;nan;nan,nan;nan;nan
imc2023_heritage,outliers,wall_dsc_4961_acr.png,nan;nan;nan;nan;nan;nan;nan;nan;nan,nan;nan;nan
imc2023_heritage,outliers,wall_dsc_4952_acr.png,nan;nan;nan;nan;nan;nan;nan;nan;nan,nan;nan;nan
imc2023_heritage,outliers,wall_dsc_4964_acr.png,nan;nan;nan;nan;nan;nan;nan;nan;nan,nan;nan;nan
imc2023_heritage,outliers,wall_dsc_4955_acr.png,nan;nan;nan;nan;nan;nan;nan;nan;nan,nan;nan;nan
imc2023_heritage,outliers,wall_dsc_4967_acr.png,nan;nan;nan;nan;nan;nan;nan;nan;nan,nan;nan;nan
imc2023_heritage,outliers,wall_dsc_4958_acr.png,nan;nan;nan;nan;nan;nan;nan;nan;nan,nan;nan;nan
imc2023_heritage,outliers,wall_dsc_4940_acr.png,nan;nan;nan;nan;nan;nan;nan;nan;nan,nan;nan;nan
imc2023_heritage,outliers,wall_dsc_4937_acr.png,nan;nan;nan;nan;nan;nan;nan;nan;nan,nan;nan;nan
imc2023_heritage,outliers,wall_dsc_4934_acr.png,nan;nan;nan;nan;nan;nan;nan;nan;nan,nan;nan;nan
imc2023_heritage,outliers,wall_dsc_4931_acr.png,nan;nan;nan;nan;nan;nan;nan;nan;nan,nan;nan;nan
imc2023_heritage,outliers,wall_dsc_4928_acr.png,nan;nan;nan;nan;nan;nan;nan;nan;nan,nan;nan;nan
imc2023_heritage,outliers,wall_dsc_4994_acr.png,nan;nan;nan;nan;nan;nan;nan;nan;nan,nan;nan;nan
imc2023_heritage,outliers,wall_dsc_4997_acr.png,nan;nan;nan;nan;nan;nan;nan;nan;nan,nan;nan;nan
imc2023_heritage,outliers,wall_dsc_5000_acr.png,nan;nan;nan;nan;nan;nan;nan;nan;nan,nan;nan;nan
imc2023_heritage,outliers,wall_dsc_5003_acr.png,nan;nan;nan;nan;nan;nan;nan;nan;nan,nan;nan;nan
imc2023_heritage,outliers,wall_dsc_5006_acr.png,nan;nan;nan;nan;nan;nan;nan;nan;nan,nan;nan;nan
imc2023_heritage,outliers,wall_dsc_5009_acr.png,nan;nan;nan;nan;nan;nan;nan;nan;nan,nan;nan;nan
imc2023_heritage,outliers,wall_dsc_5012_acr.png,nan;nan;nan;nan;nan;nan;nan;nan;nan,nan;nan;nan
imc2023_heritage,outliers,wall_dsc_5015_acr.png,nan;nan;nan;nan;nan;nan;nan;nan;nan,nan;nan;nan
imc2023_heritage,outliers,wall_dsc_5018_acr.png,nan;nan;nan;nan;nan;nan;nan;nan;nan,nan;nan;nan
imc2023_heritage,outliers,wall_dsc_5021_acr.png,nan;nan;nan;nan;nan;nan;nan;nan;nan,nan;nan;nan
imc2023_heritage,outliers,wall_dsc_5024_acr.png,nan;nan;nan;nan;nan;nan;nan;nan;nan,nan;nan;nan
imc2023_heritage,outliers,wall_dsc_5027_acr.png,nan;nan;nan;nan;nan;nan;nan;nan;nan,nan;nan;nan
imc2023_heritage,outliers,wall_dsc_5030_acr.png,nan;nan;nan;nan;nan;nan;nan;nan;nan,nan;nan;nan
imc2023_theather_imc2024_church,clustercluster1,church_00020.png,nan;nan;nan;nan;nan;nan;nan;nan;nan,nan;nan;nan
imc2023_theather_imc2024_church,clustercluster1,church_00046.png,nan;nan;nan;nan;nan;nan;nan;nan;nan,nan;nan;nan
imc2023_theather_imc2024_church,clustercluster1,church_00080.png,nan;nan;nan;nan;nan;nan;nan;nan;nan,nan;nan;nan
imc2023_theather_imc2024_church,clustercluster1,church_00063.png,nan;nan;nan;nan;nan;nan;nan;nan;nan,nan;nan;nan
imc2023_theather_imc2024_church,clustercluster1,church_00045.png,nan;nan;nan;nan;nan;nan;nan;nan;nan,nan;nan;nan
imc2023_theather_imc2024_church,clustercluster1,church_00071.png,nan;nan;nan;nan;nan;nan;nan;nan;nan,nan;nan;nan
imc2023_theather_imc2024_church,clustercluster1,church_00039.png,nan;nan;nan;nan;nan;nan;nan;nan;nan,nan;nan;nan
imc2023_theather_imc2024_church,clustercluster1,church_00069.png,nan;nan;nan;nan;nan;nan;nan;nan;nan,nan;nan;nan
imc2023_theather_imc2024_church,clustercluster1,church_00026.png,nan;nan;nan;nan;nan;nan;nan;nan;nan,nan;nan;nan
imc2023_theather_imc2024_church,clustercluster1,church_00038.png,nan;nan;nan;nan;nan;nan;nan;nan;nan,nan;nan;nan
imc2023_theather_imc2024_church,clustercluster1,church_00110.png,nan;nan;nan;nan;nan;nan;nan;nan;nan,nan;nan;nan
imc2023_theather_imc2024_church,clustercluster1,church_00017.png,nan;nan;nan;nan;nan;nan;nan;nan;nan,nan;nan;nan
imc2023_theather_imc2024_church,clustercluster1,church_00035.png,nan;nan;nan;nan;nan;nan;nan;nan;nan,nan;nan;nan
imc2023_theather_imc2024_church,clustercluster1,church_00047.png,nan;nan;nan;nan;nan;nan;nan;nan;nan,nan;nan;nan
imc2023_theather_imc2024_church,clustercluster1,church_00041.png,nan;nan;nan;nan;nan;nan;nan;nan;nan,nan;nan;nan
imc2023_theather_imc2024_church,clustercluster1,church_00055.png,nan;nan;nan;nan;nan;nan;nan;nan;nan,nan;nan;nan
imc2023_theather_imc2024_church,clustercluster1,church_00013.png,nan;nan;nan;nan;nan;nan;nan;nan;nan,nan;nan;nan
imc2023_theather_imc2024_church,clustercluster1,church_00019.png,nan;nan;nan;nan;nan;nan;nan;nan;nan,nan;nan;nan
imc2023_theather_imc2024_church,clustercluster1,church_00012.png,nan;nan;nan;nan;nan;nan;nan;nan;nan,nan;nan;nan
imc2023_theather_imc2024_church,clustercluster1,church_00048.png,nan;nan;nan;nan;nan;nan;nan;nan;nan,nan;nan;nan
imc2023_theather_imc2024_church,clustercluster1,church_00108.png,nan;nan;nan;nan;nan;nan;nan;nan;nan,nan;nan;nan
imc2023_theather_imc2024_church,clustercluster1,church_00111.png,nan;nan;nan;nan;nan;nan;nan;nan;nan,nan;nan;nan
imc2023_theather_imc2024_church,clustercluster1,church_00091.png,nan;nan;nan;nan;nan;nan;nan;nan;nan,nan;nan;nan
imc2023_theather_imc2024_church,clustercluster1,church_00082.png,nan;nan;nan;nan;nan;nan;nan;nan;nan,nan;nan;nan
imc2023_theather_imc2024_church,clustercluster1,church_00023.png,nan;nan;nan;nan;nan;nan;nan;nan;nan,nan;nan;nan
imc2023_theather_imc2024_church,clustercluster1,church_00053.png,nan;nan;nan;nan;nan;nan;nan;nan;nan,nan;nan;nan
imc2023_theather_imc2024_church,clustercluster1,church_00079.png,0.963202396;-0.264743442;-0.046390248;0.266676937;0.962868084;0.042053118;0.033534402;-0.052876873;0.998037815,1.148502732;-0.780997527;6.772534762
imc2023_theather_imc2024_church,clustercluster1,church_00014.png,nan;nan;nan;nan;nan;nan;nan;nan;nan,nan;nan;nan
imc2023_theather_imc2024_church,clustercluster1,church_00022.png,nan;nan;nan;nan;nan;nan;nan;nan;nan,nan;nan;nan
imc2023_theather_imc2024_church,clustercluster1,church_00104.png,nan;nan;nan;nan;nan;nan;nan;nan;nan,nan;nan;nan
imc2023_theather_imc2024_church,clustercluster1,church_00043.png,nan;nan;nan;nan;nan;nan;nan;nan;nan,nan;nan;nan
imc2023_theather_imc2024_church,clustercluster1,church_00109.png,nan;nan;nan;nan;nan;nan;nan;nan;nan,nan;nan;nan
imc2023_theather_imc2024_church,clustercluster1,church_00100.png,nan;nan;nan;nan;nan;nan;nan;nan;nan,nan;nan;nan
imc2023_theather_imc2024_church,clustercluster1,church_00018.png,nan;nan;nan;nan;nan;nan;nan;nan;nan,nan;nan;nan
imc2023_theather_imc2024_church,clustercluster1,church_00021.png,nan;nan;nan;nan;nan;nan;nan;nan;nan,nan;nan;nan
imc2023_theather_imc2024_church,clustercluster1,church_00078.png,0.982380200;-0.179647037;-0.051537220;0.169536699;0.972647159;-0.158791726;0.078653994;0.147256397;0.985966076,0.149997534;-14.389848724;76.521767053
imc2023_theather_imc2024_church,clustercluster1,church_00083.png,nan;nan;nan;nan;nan;nan;nan;nan;nan,nan;nan;nan
imc2023_theather_imc2024_church,clustercluster1,church_00092.png,0.939975491;-0.102599421;-0.325452663;-0.007032351;0.947703147;-0.319075684;0.341169493;0.302212020;0.890096215,-0.150147064;-0.143103504;0.978252138
imc2023_theather_imc2024_church,clustercluster1,church_00093.png,1.000000000;0.000000000;0.000000000;0.000000000;1.000000000;0.000000000;0.000000000;0.000000000;1.000000000,0.000000000;0.000000000;0.000000000
imc2023_theather_imc2024_church,clustercluster1,church_00073.png,nan;nan;nan;nan;nan;nan;nan;nan;nan,nan;nan;nan
imc2023_theather_imc2024_church,clustercluster1,church_00087.png,0.922320570;-0.182492540;-0.340618905;0.046065890;0.927099556;-0.371973583;0.383670040;0.327387974;0.863489673,-0.301055672;-0.067030504;0.808327875
imc2023_theather_imc2024_church,clustercluster1,church_00005.png,nan;nan;nan;nan;nan;nan;nan;nan;nan,nan;nan;nan
imc2023_theather_imc2024_church,clustercluster1,church_00028.png,nan;nan;nan;nan;nan;nan;nan;nan;nan,nan;nan;nan
imc2023_theather_imc2024_church,clustercluster1,church_00075.png,nan;nan;nan;nan;nan;nan;nan;nan;nan,nan;nan;nan
imc2023_theather_imc2024_church,clustercluster1,church_00006.png,nan;nan;nan;nan;nan;nan;nan;nan;nan,nan;nan;nan
imc2023_theather_imc2024_church,clustercluster1,church_00004.png,nan;nan;nan;nan;nan;nan;nan;nan;nan,nan;nan;nan
imc2023_theather_imc2024_church,clustercluster1,church_00016.png,nan;nan;nan;nan;nan;nan;nan;nan;nan,nan;nan;nan
imc2023_theather_imc2024_church,clustercluster1,church_00099.png,nan;nan;nan;nan;nan;nan;nan;nan;nan,nan;nan;nan
imc2023_theather_imc2024_church,clustercluster1,church_00025.png,nan;nan;nan;nan;nan;nan;nan;nan;nan,nan;nan;nan
imc2023_theather_imc2024_church,clustercluster1,church_00040.png,nan;nan;nan;nan;nan;nan;nan;nan;nan,nan;nan;nan
imc2023_theather_imc2024_church,clustercluster1,kyiv_puppet_theater_img_20220127_170709.png,nan;nan;nan;nan;nan;nan;nan;nan;nan,nan;nan;nan
imc2023_theather_imc2024_church,clustercluster1,kyiv_puppet_theater_img_20220127_170633.png,nan;nan;nan;nan;nan;nan;nan;nan;nan,nan;nan;nan
imc2023_theather_imc2024_church,clustercluster1,kyiv_puppet_theater_img_20220127_170350.png,nan;nan;nan;nan;nan;nan;nan;nan;nan,nan;nan;nan
imc2023_theather_imc2024_church,clustercluster1,kyiv_puppet_theater_img_20220127_170339.png,nan;nan;nan;nan;nan;nan;nan;nan;nan,nan;nan;nan
imc2023_theather_imc2024_church,clustercluster1,kyiv_puppet_theater_img_20220127_170250.png,nan;nan;nan;nan;nan;nan;nan;nan;nan,nan;nan;nan
imc2023_theather_imc2024_church,clustercluster1,kyiv_puppet_theater_img_20220127_165709.png,nan;nan;nan;nan;nan;nan;nan;nan;nan,nan;nan;nan
imc2023_theather_imc2024_church,clustercluster1,kyiv_puppet_theater_img_20220127_165703.png,nan;nan;nan;nan;nan;nan;nan;nan;nan,nan;nan;nan
imc2023_theather_imc2024_church,clustercluster1,kyiv_puppet_theater_img_20220127_165700.png,nan;nan;nan;nan;nan;nan;nan;nan;nan,nan;nan;nan
imc2023_theather_imc2024_church,clustercluster1,kyiv_puppet_theater_img_20220127_165641.png,nan;nan;nan;nan;nan;nan;nan;nan;nan,nan;nan;nan
imc2023_theather_imc2024_church,clustercluster1,kyiv_puppet_theater_img_20220127_165612.png,nan;nan;nan;nan;nan;nan;nan;nan;nan,nan;nan;nan
imc2023_theather_imc2024_church,clustercluster1,kyiv_puppet_theater_img_20220127_165608.png,nan;nan;nan;nan;nan;nan;nan;nan;nan,nan;nan;nan
imc2023_theather_imc2024_church,clustercluster1,kyiv_puppet_theater_img_20220127_165549.png,nan;nan;nan;nan;nan;nan;nan;nan;nan,nan;nan;nan
imc2023_theather_imc2024_church,clustercluster1,kyiv_puppet_theater_img_20220127_165418.png,nan;nan;nan;nan;nan;nan;nan;nan;nan,nan;nan;nan
imc2023_theather_imc2024_church,clustercluster1,kyiv_puppet_theater_img_20220127_165343.png,nan;nan;nan;nan;nan;nan;nan;nan;nan,nan;nan;nan
imc2023_theather_imc2024_church,clustercluster1,kyiv_puppet_theater_img_20220127_165449.png,nan;nan;nan;nan;nan;nan;nan;nan;nan,nan;nan;nan
imc2023_theather_imc2024_church,clustercluster1,kyiv_puppet_theater_img_20220127_165722.png,nan;nan;nan;nan;nan;nan;nan;nan;nan,nan;nan;nan
imc2023_theather_imc2024_church,clustercluster1,kyiv_puppet_theater_img_20220127_165737.png,nan;nan;nan;nan;nan;nan;nan;nan;nan,nan;nan;nan
imc2023_theather_imc2024_church,clustercluster1,kyiv_puppet_theater_img_20220127_165748.png,nan;nan;nan;nan;nan;nan;nan;nan;nan,nan;nan;nan
imc2023_theather_imc2024_church,clustercluster1,kyiv_puppet_theater_img_20220127_165811.png,nan;nan;nan;nan;nan;nan;nan;nan;nan,nan;nan;nan
imc2023_theather_imc2024_church,clustercluster1,kyiv_puppet_theater_img_20220127_165815.png,nan;nan;nan;nan;nan;nan;nan;nan;nan,nan;nan;nan
imc2023_theather_imc2024_church,clustercluster1,kyiv_puppet_theater_img_20220127_165822.png,nan;nan;nan;nan;nan;nan;nan;nan;nan,nan;nan;nan
imc2023_theather_imc2024_church,clustercluster1,kyiv_puppet_theater_img_20220127_165845.png,nan;nan;nan;nan;nan;nan;nan;nan;nan,nan;nan;nan
imc2023_theather_imc2024_church,clustercluster1,kyiv_puppet_theater_img_20220127_165920.png,nan;nan;nan;nan;nan;nan;nan;nan;nan,nan;nan;nan
imc2023_theather_imc2024_church,clustercluster1,kyiv_puppet_theater_img_20220127_165957.png,nan;nan;nan;nan;nan;nan;nan;nan;nan,nan;nan;nan
imc2023_theather_imc2024_church,clustercluster1,kyiv_puppet_theater_img_20220127_170001.png,nan;nan;nan;nan;nan;nan;nan;nan;nan,nan;nan;nan
imc2023_theather_imc2024_church,clustercluster1,kyiv_puppet_theater_img_20220127_170022.png,nan;nan;nan;nan;nan;nan;nan;nan;nan,nan;nan;nan
imc2024_dioscuri_baalshamin,clustercluster1,baalshamin_img_2163.png,nan;nan;nan;nan;nan;nan;nan;nan;nan,nan;nan;nan
imc2024_dioscuri_baalshamin,clustercluster1,baalshamin_8100208.png,nan;nan;nan;nan;nan;nan;nan;nan;nan,nan;nan;nan
imc2024_dioscuri_baalshamin,clustercluster1,baalshamin_5821.png,nan;nan;nan;nan;nan;nan;nan;nan;nan,nan;nan;nan
imc2024_dioscuri_baalshamin,clustercluster1,baalshamin_5748.png,nan;nan;nan;nan;nan;nan;nan;nan;nan,nan;nan;nan
imc2024_dioscuri_baalshamin,clustercluster1,baalshamin_5747.png,nan;nan;nan;nan;nan;nan;nan;nan;nan,nan;nan;nan
imc2024_dioscuri_baalshamin,clustercluster1,baalshamin_5741.png,nan;nan;nan;nan;nan;nan;nan;nan;nan,nan;nan;nan
imc2024_dioscuri_baalshamin,clustercluster1,baalshamin_5740.png,nan;nan;nan;nan;nan;nan;nan;nan;nan,nan;nan;nan
imc2024_dioscuri_baalshamin,clustercluster1,baalshamin_25.png,nan;nan;nan;nan;nan;nan;nan;nan;nan,nan;nan;nan
imc2024_dioscuri_baalshamin,clustercluster1,baalshamin_2316.png,nan;nan;nan;nan;nan;nan;nan;nan;nan,nan;nan;nan
imc2024_dioscuri_baalshamin,clustercluster1,baalshamin_19875043841_a36e9ccb18_o.png,nan;nan;nan;nan;nan;nan;nan;nan;nan,nan;nan;nan
imc2024_dioscuri_baalshamin,clustercluster1,baalshamin_19770034361_ab8a99f3a9_o.png,nan;nan;nan;nan;nan;nan;nan;nan;nan,nan;nan;nan
imc2024_dioscuri_baalshamin,clustercluster1,baalshamin_19770021361_0a7ef660e2_o.png,nan;nan;nan;nan;nan;nan;nan;nan;nan,nan;nan;nan
imc2024_dioscuri_baalshamin,clustercluster1,baalshamin_19765295615_6a8758cc07_o.png,nan;nan;nan;nan;nan;nan;nan;nan;nan,nan;nan;nan
imc2024_dioscuri_baalshamin,clustercluster1,baalshamin_19758057422_3b2d8bf005_o.png,nan;nan;nan;nan;nan;nan;nan;nan;nan,nan;nan;nan
imc2024_dioscuri_baalshamin,clustercluster1,baalshamin_19758050972_3e8ee37d98_o.png,nan;nan;nan;nan;nan;nan;nan;nan;nan,nan;nan;nan
imc2024_dioscuri_baalshamin,clustercluster1,baalshamin_85328479_89f3b31dfa_o.png,nan;nan;nan;nan;nan;nan;nan;nan;nan,nan;nan;nan
imc2024_dioscuri_baalshamin,clustercluster1,baalshamin_palmyra_baalshamin.png,nan;nan;nan;nan;nan;nan;nan;nan;nan,nan;nan;nan
imc2024_dioscuri_baalshamin,clustercluster1,baalshamin_182z.png,nan;nan;nan;nan;nan;nan;nan;nan;nan,nan;nan;nan
imc2024_dioscuri_baalshamin,clustercluster1,baalshamin_19144401003_5d0dee05f5_o.png,nan;nan;nan;nan;nan;nan;nan;nan;nan,nan;nan;nan
imc2024_dioscuri_baalshamin,clustercluster1,baalshamin_194d.png,nan;nan;nan;nan;nan;nan;nan;nan;nan,nan;nan;nan
